pip install tensorflow TensorFlow opencv-python matplotlib


[[[[0.27084795 0.57297295 0.53741527]
   [0.24112208 0.5726776  0.5775744 ]
   [0.2418577  0.5608541  0.5863316 ]
   [0.2654497  0.54871017 0.41559926]
   [0.2659135  0.5274283  0.5649839 ]
   [0.4378597  0.6524732  0.8726456 ]
   [0.41767675 0.43031543 0.8150991 ]
   [0.594314   0.6756308  0.60345316]
   [0.6187422  0.3760198  0.75762343]
   [0.6543527  0.7408603  0.2614245 ]
   [0.6830876  0.45845237 0.33606854]
   [0.7703568  0.6378439  0.8103687 ]
   [0.7627006  0.49713352 0.7804494 ]
   [0.7159146  0.68821955 0.05027702]
   [0.67925256 0.4001126  0.11706859]
   [0.7143792  0.50437766 0.25464624]
   [0.72838604 0.49670988 0.44794425]]]]